{
 "max_profit": 0.7403230203742539,
 "max_profit_win": 0.4888888888888889,
 "max_profit_ema1": 40,
 "max_profit_ema2": 25,
 "max_profit_trades": 45,
 "max_profit_ppt": 0.012388796256234125,
 "max_win": 0.6,
 "max_win_profit": 0.33114914804252327,
 "max_win_ema1": 70,
 "max_win_ema2": 50,
 "max_win_trades": 5,
 "max_win_ppt": 0.0588765822609465
}